// Michael Sirna
// 1094947
// 2023-09-29
// CIS3090 Assignment 1

All execution times below are in seconds and are rounded to 3 decimal places: 

--------------- ray.c results ---------------
Threads		1	   
Scale
   1        0.135   
   2        0.533
   4        2.056
   8        8.313
   16       32.790
   32       95.435

--------------- data.c results ---------------
Threads		1	    2	    4       8       16      32	    64
Scale
   1        0.149   0.078   0.056   0.051   0.055   0.050   0.083
   2        0.565   0.311   0.188   0.184   0.214   0.394   0.399
   4        2.086   1.225   0.957   0.613   0.599   0.631   0.644   
   8        8.272   4.610   4.027   2.618   2.133   2.109   2.097
   16       33.487  17.480  13.249  11.657  11.206  10.336  10.512
   32       96.647  49.872  31.039  29.972  29.963  26.355  29.693

--------------- task.c results ---------------
Threads		1	    2	    4       8       16      32      64	
Scale
   1        0.142   0.094   0.093   0.099   0.087   0.087   0.092
   2        0.544   0.346   0.346   0.348   0.350   0.356   0.357
   4        2.097   1.416   1.451   1.403   1.393   1.410   1.378
   8        8.526   5.602   5.535   5.530   5.632   5.538   5.434
   16       35.442  22.699  22.805  23.146  23.101  22.958  24.097
   32       104.596 73.992  75.554  76.366  74.339  79.594  78.507